00000000000000
00111111100000
00111111110000
00111111110000
00001111110000
00001110111000
00001100111000
00011100111000
00011111111100
00011111111100
00111111111100
00111000001110
11111100111111
11111100111111
11111100111111
00000000000000
00000000000000
01111111110000
01111111111000
01111111111100
00011100011100
00011100011100
00011111111000
00011111111000
00011111111100
00011100001110
00011100001110
00011100001110
01111111111110
01111111111100
01111111111000
00000000000000
00000000000000
00000111101110
00011111111110
00111111111110
00111100011110
01111000001110
01110000001110
01110000000000
01110000000000
01110000000000
01111000000000
00111100001110
00111111111110
00011111111110
00000111111000
00000000000000
00000000000000
01111111110000
01111111111100
01111111111110
00011100011110
00011100001111
00011100000111
00011100000111
00011100000111
00011100000111
00011100001111
00011100011110
01111111111110
01111111111100
01111111110000
00000000000000
00000000000000
01111111111110
01111111111110
01111111111110
00011100001110
00011100000000
00011111100000
00011111110000
00011111100000
00011100001110
00011100001110
00011100001110
01111111111110
01111111111110
01111111111110
00000000000000
00000000000000
01111111111110
01111111111110
01111111111110
00011100001110
00011100000000
00011100000000
00011111110000
00011111110000
00011111110000
00011100000000
00011100000000
01111111100000
01111111100000
01111111100000
00000000000000
00000000000000
00000111101110
00011111111110
00111111111110
00111100011110
01111000001110
01110000001110
01110000000000
01110001111111
01110001111111
01111001111111
00111100001110
00111111111110
00011111111110
00000111111000
00000000000000
00000000000000
01111100111110
01111100111110
01111100111110
00111000011100
00111000011100
00111111111100
00111111111100
00111111111100
00111000011100
00111000011100
00111000011100
01111100111110
01111100111110
01111100111110
00000000000000
00000000000000
00111111111000
01111111111100
00111111111000
00000111000000
00000111000000
00000111000000
00000111000000
00000111000000
00000111000000
00000111000000
00000111000000
01111111111100
01111111111100
01111111111100
00000000000000
00000000000000
00001111111111
00001111111111
00001111111111
00000000111000
00000000111000
00000000111000
00000000111000
01110000111000
01110000111000
01110000111000
01111001111000
01111111111000
00111111110000
00011111100000
00000000000000
00000000000000
01111110111110
01111110111111
01111110111111
00011100011100
00011100111000
00011101110000
00011111100000
00011111111000
00011111111000
00011100011100
00011100011100
01111111001111
01111111001111
01111111000111
00000000000000
00000000000000
01111111100000
01111111100000
01111111100000
00011100000000
00011100000000
00011100000000
00011100000100
00011100001110
00011100001110
00011100001110
00011100001110
01111111111110
01111111111110
01111111111110
00000000000000
00000000000000
01111000001111
01111100011111
01111100011111
00111110111110
00111110111110
00111110111110
00111011101110
00111011101110
00111011101110
00111001001110
00111000001110
01111110111111
01111110111111
01111110111111
00000000000000
00000000000000
01111000111110
01111100111110
00111110011100
00111110011100
00111110011100
00111011011100
00111011011100
00111001111100
00111001111100
00111000111100
00111000111100
01111100011100
01111100011100
01111100001100
00000000000000
00000000000000
00000111110000
00011111111100
00111111111110
00111100011110
01111000001111
01110000000111
01110000000111
01110000000111
01110000000111
01111000001111
00111000011110
00111111111110
00011111111100
00000111110000
00000000000000
00000000000000
01111111110000
01111111111100
01111111111100
00011100011110
00011100001110
00011100001110
00011100011110
00011111111110
00011111111100
00011111110000
00011100000000
01111111100000
01111111100000
01111111100000
00000000000000
00001111110000
00011111111000
00111111111100
00111000011100
01110000001110
01110000001110
01110000001110
01110000001110
00111000011100
00111111111100
00011111111000
00000111110000
00001100000100
00011111111110
00111111111110
00111111111100
00000000000000
01111111111000
01111111111100
01111111111110
00011100011110
00011100001110
00011100001110
00011111111100
00011111111000
00011111111000
00011100111100
00011100011110
01111111011111
01111111001111
01111111000111
00000000000000
00000000000000
00001111011000
00011111111000
00111111111000
00111000011000
00111000000000
00111100000000
00011111110000
00000111111000
00000000111100
00110000011100
00111000011100
00111111111100
00111111111000
00111011110000
00000000000000
00000000000000
01111111111110
01111111111110
01111111111110
01110011101110
01110011101110
01110011101110
01110011101110
00000011100000
00000011100000
00000011100000
00000011100000
00011111111100
00011111111100
00011111111100
00000000000000
00000000000000
01111100111110
01111100111110
01111100111110
00111000011100
00111000011100
00111000011100
00111000011100
00111000011100
00111000011100
00111000011100
00111100111100
00111111111100
00011111111000
00001111110000
00000000000000
00000000000000
11111100111111
11111100111111
11111100111111
00111000001110
00111000011100
00011100011100
00011100111100
00011100111000
00001110111000
00001111110000
00000111110000
00000111100000
00000111100000
00000011100000
00000000000000
00000000000000
11111100011111
11111100011111
11111100011111
01110000000111
00110001000110
00110011100110
00110011100110
00110111110110
00110110110110
00111110111110
00111100111110
00111100011110
00111100011100
00011000011100
00000000000000
00000000000000
01111110111111
01111110111111
01111110111111
00011100011100
00001110111000
00001111110000
00000111100000
00000111110000
00001111110000
00011100111000
00111000011100
11111100111111
11111100111111
11111100111111
00000000000000
00000000000000
11111100111111
11111100111111
11111100111111
00111000011100
00011100111100
00001111111000
00001111110000
00000111110000
00000011100000
00000011100000
00000011100000
00011111111100
00011111111100
00011111111100
00000000000000
00000000000000
00111111111100
00111111111100
00111111111000
00111000111000
00111000110000
00111001100000
00000011000000
00000110000000
00000110011100
00001100011100
00011000011100
00111111111100
00111111111100
00111111111100
00000000000000
