#!
0000000
0011000
0011000
0011000
0000000
0011000
0011000
0000000
#"
0000000
1101100
1101100
1101100
0000000
0000000
0000000
0000000
##
0000000
0110100
1111110
0110100
1111110
1111110
0110100
0000000
#$
0000000
0001000
0111100
1101000
0111100
0010110
0111100
0000000
#%
0000000
1100110
1101110
0011100
0111000
1110110
1100110
0000000
#&
0000000
0111000
1100000
0110010
1100110
1111100
0111000
0000000
#'
0000000
0011000
0011000
0011000
0000000
0000000
0000000
0000000
#(
0000000
0011100
0110000
0110000
0110000
0111100
0011100
0000000
#)
0000000
0111000
0001100
0001100
0001100
0111100
0111000
0000000
#*
0000000
0011000
1111110
0111100
0111100
1111110
0011000
0000000
#+
0000000
0011000
0011000
1111110
1111110
0011000
0011000
0000000
#,
0000000
0000000
0000000
0000000
0001100
0011100
0011000
0000000
#-
0000000
0000000
0000000
0111100
0111100
0000000
0000000
0000000
#.
0000000
0000000
0000000
0000000
0000000
0011000
0011000
0000000
#/
0000000
0000110
0001110
0011100
0111000
1110000
1100000
0000000
#0
0000000
0111100
1100110
1101110
1110110
1100110
0111100
0000000
#1
0000000
0011000
0111000
0011000
0011000
0111100
0111100
0000000
#2
0000000
0111100
1000110
0011100
0110000
1111110
1111110
0000000
#3
0000000
0111100
0000110
0011100
0000110
1111110
0111100
0000000
#4
0000000
1100110
1100110
1100110
1111110
0111110
0000110
0000000
#5
0000000
1111110
1100000
1111100
0000110
1111110
1111100
0000000
#6
0000000
0111100
1100000
1111100
1100010
1111110
0111100
0000000
#7
0000000
1111110
0001110
0011100
0111000
0111000
0111000
0000000
#8
0000000
0111100
1100110
0111100
1100110
1111110
0111100
0000000
#9
0000000
0111100
1100110
0111110
0000110
1111110
0111100
0000000
#:
0000000
0000000
0011000
0011000
0000000
0011000
0011000
0000000
#;
0000000
0000000
0011000
0011000
0000000
0011000
0010000
0000000
#<
0000000
0001100
0011000
0110000
0110000
0011000
0001100
0000000
#=
0000000
0000000
0111100
0111100
0000000
0111100
0111100
0000000
#>
0000000
0110000
0011000
0001100
0001100
0011000
0110000
0000000
#?
0000000
0111100
1100110
0001100
0011000
0000000
0011000
0000000
#@
0000000
0111100
1100110
1110110
1111100
1100000
0111100
0000000
#A
0000000
0111100
1100110
1100110
1111110
1111110
1100110
0000000
#B
0000000
1111100
1100110
1111100
1100110
1111110
1111100
0000000
#C
0000000
0111100
1100110
1100000
1100110
1111110
0111100
0000000
#D
0000000
1111100
1100110
1100110
1100110
1111110
1111100
0000000
#E
0000000
1111110
1100000
1111000
1100000
1111110
1111110
0000000
#F
0000000
1111110
1100000
1111100
1100000
1100000
1100000
0000000
#G
0000000
0111100
1100110
1100000
1101110
1100110
0111100
0000000
#H
0000000
1100110
1100110
1100110
1111110
1100110
1100110
0000000
#I
0000000
1111110
0011000
0011000
0011000
1111110
1111110
0000000
#J
0000000
0111110
0001100
0001100
1101100
1111100
0111000
0000000
#K
0000000
1100110
1101100
1111000
1111100
1101110
1100110
0000000
#L
0000000
1100000
1100000
1100000
1100000
1111110
1111110
0000000
#M
0000000
1100110
1111110
1111110
1100110
1100110
1100110
0000000
#N
0000000
1100110
1110110
1111110
1111110
1101110
1100110
0000000
#O
0000000
0111100
1100110
1100110
1100110
1111110
0111100
0000000
#P
0000000
1111100
1100110
1100110
1111100
1100000
1100000
0000000
#Q
0000000
0111100
1100110
1100110
1100110
1111100
0111110
0000000
#R
0000000
1111100
1100110
1100110
1111100
1101110
1100110
0000000
#S
0000000
0111100
1100000
0111100
0000110
1111110
0111100
0000000
#T
0000000
1111110
1111110
0011000
0011000
0011000
0011000
0000000
#U
0000000
1100110
1100110
1100110
1100110
1111110
0111100
0000000
#V
0000000
1100110
1100110
1100110
1111110
0111100
0011000
0000000
#W
0000000
1100110
1100110
1100110
1111110
1111110
1100110
0000000
#X
0000000
1100110
1100110
0111100
0111100
1111110
1100110
0000000
#Y
0000000
1100110
1100110
1111110
0111100
0011000
0011000
0000000
#Z
0000000
1111110
0001100
0011000
0110000
1111110
1111110
0000000
